image: carto3d_map.pgm
resolution: 0.050000
origin: [-4.448678, -18.807083, 0.000000]
negate: 0
occupied_thresh: 0.65
free_thresh: 0.196

