image: carto_3d.pgm
resolution: 0.050000
origin: [-1.569160, -15.990161, 0.000000]
negate: 0
occupied_thresh: 0.65
free_thresh: 0.196

