image: fastlio_final.pgm
resolution: 0.010000
origin: [-0.8897356, -3.7614166, 0.000000]
negate: 0
occupied_thresh: 0.65
free_thresh: 0.196

